function W_q = W_q_progetto(q1,q2,q3,q4)
%W_q_progetto
%    W_q = W_q_progetto(Q1,Q2,Q3,Q4)

%    This function was generated by the Symbolic Math Toolbox version 9.2.
%    14-May-2023 12:29:34

W_q = [q1.*(-1.234567901234568e-4)+1.0./9.0e+1,q2.*(-1.234567901234568e-4)+1.0./9.0e+1,q3.*(-1.234567901234568e-4)+1.0./9.0e+1,q4.*(-1.234567901234568e-4)+1.0./9.0e+1];
